;
;	User spoel (20016)
;	Fri Feb 23 15:01:30 1996
;	Input file
;
nx                  =  1
ny                  =  1
nz                  =  3
dx                  =  0.000000
dy                  =  0.000000
dz                  =  0.000000
seed                =  1993
max_x_rotation      =  0.000000
max_y_rotation      =  0.000000
max_z_rotation      =  0.000000
max_x_translation   =  0.000000
max_y_translation   =  0.000000
max_z_translation   =  0.000000
